-25 250 95 0
-5 400 0 0
5 287 25 0
-30 250 50 0
-40 450 0 0
-50 325 0 0
50 250 90 0
75 225 0 0
50 125 95 0
-250 225 50 1
-200 240 0 1
-270 100 50 1
-150 100 100 1
-100 225 100 1
-40 75 170 1
-290 150 0 1
-310 50 0 1
-190 50 100 1
-75 75 170 1
-310 -50 0 2
-290 -150 0 2
-225 -215 0 2
-300 -25 90 2
-125 -50 200 2
-225 -175 100 2
-200 -50 170 2
-135 -250 0 3
-50 -275 0 3
50 -275 0 3
-125 -250 100 3
-25 -275 100 3
50 -275 100 3
12 -210 170 3
-150 -175 170 3
-50 -125 200 3
25 -100 200 3
150 -270 0 4
260 -275 0 4
360 -225 0 4
450 -150 0 4
500 -75 0 4
525 -50 0 4
525 25 0 4
490 75 0 4
425 100 0 4
200 -265 100 4
300 -240 100 4
400 -190 100 4
490 -70 100 4
425 70 100 4
350 90 170 4
425 0 175 4
420 -100 175 4
250 -175 170 4
125 -200 170 4
275 -30 200 4
150 -125 200 4
300 125 0 5
200 140 0 5
350 100 100 5
225 125 100 5
250 50 170 5
50 100 170 5
75 0 200 5
200 0 200 5
-25 0 200 5